a 24
24 103
103 10
10 32
32 b
a 24
24 103
103 10
10 c
a 24
24 99
99 d
a 24
24 103
103 e
a 24
24 103
103 10
10 149
149 f
b 32
32 10
10 103
103 24
24 a
b 32
32 10
10 c
b 32
32 85
85 99
99 d
b 32
32 10
10 103
103 e
b 32
32 85
85 149
149 f
c 10
10 103
103 24
24 a
c 10
10 32
32 b
c 10
10 32
32 85
85 99
99 d
c 10
10 103
103 e
c 10
10 149
149 f
d 99
99 24
24 a
d 99
99 85
85 32
32 b
d 99
99 85
85 32
32 10
10 c
d 99
99 85
85 32
32 10
10 103
103 e
d 99
99 85
85 149
149 f
e 103
103 24
24 a
e 103
103 10
10 32
32 b
e 103
103 10
10 c
e 103
103 10
10 32
32 85
85 99
99 d
e 103
103 10
10 149
149 f
f 149
149 10
10 103
103 24
24 a
f 149
149 85
85 32
32 b
f 149
149 10
10 c
f 149
149 85
85 99
99 d
f 149
149 10
10 103
103 e
