a 91
91 94
94 88
88 87
87 98
98 97
97 81
81 20
20 52
52 117
117 g
a 91
91 94
94 88
88 87
87 98
98 97
97 81
81 20
20 52
52 117
117 c
a 91
91 94
94 88
88 87
87 98
98 97
97 24
24 25
25 22
22 37
37 74
74 j
a 91
91 94
94 88
88 95
95 71
71 60
60 56
56 53
53 f
a 91
91 94
94 88
88 87
87 98
98 97
97 24
24 25
25 29
29 i
a 91
91 94
94 88
88 95
95 71
71 60
60 h
a 91
91 103
103 b
a 91
91 e
a 91
91 94
94 88
88 95
95 71
71 d
a 91
91 126
126 k
b 103
103 98
98 97
97 81
81 20
20 52
52 117
117 g
b 103
103 98
98 97
97 81
81 20
20 52
52 117
117 c
b 103
103 98
98 97
97 24
24 25
25 22
22 37
37 74
74 j
b 103
103 98
98 97
97 81
81 20
20 52
52 53
53 f
b 103
103 98
98 97
97 24
24 25
25 29
29 i
b 103
103 98
98 62
62 60
60 h
b 103
103 91
91 a
b 103
103 91
91 e
b 103
103 98
98 87
87 95
95 71
71 d
b 103
103 91
91 126
126 k
c 117
117 g
c 117
117 52
52 74
74 j
c 117
117 52
52 53
53 f
c 117
117 37
37 22
22 29
29 i
c 117
117 52
52 53
53 56
56 60
60 h
c 117
117 52
52 20
20 81
81 97
97 98
98 103
103 b
c 117
117 52
52 20
20 81
81 97
97 98
98 87
87 88
88 94
94 91
91 a
c 117
117 52
52 20
20 81
81 97
97 98
98 87
87 88
88 94
94 91
91 e
c 117
117 52
52 53
53 56
56 60
60 71
71 d
c 117
117 52
52 20
20 81
81 97
97 98
98 87
87 88
88 94
94 126
126 k
d 71
71 60
60 56
56 53
53 52
52 117
117 g
d 71
71 60
60 56
56 53
53 52
52 117
117 c
d 71
71 60
60 56
56 53
53 52
52 74
74 j
d 71
71 60
60 56
56 53
53 f
d 71
71 95
95 87
87 98
98 97
97 24
24 25
25 29
29 i
d 71
71 60
60 h
d 71
71 95
95 87
87 98
98 103
103 b
d 71
71 95
95 88
88 94
94 91
91 a
d 71
71 95
95 88
88 94
94 91
91 e
d 71
71 95
95 88
88 94
94 126
126 k
e 91
91 94
94 88
88 87
87 98
98 97
97 81
81 20
20 52
52 117
117 g
e 91
91 94
94 88
88 87
87 98
98 97
97 81
81 20
20 52
52 117
117 c
e 91
91 94
94 88
88 87
87 98
98 97
97 24
24 25
25 22
22 37
37 74
74 j
e 91
91 94
94 88
88 95
95 71
71 60
60 56
56 53
53 f
e 91
91 94
94 88
88 87
87 98
98 97
97 24
24 25
25 29
29 i
e 91
91 94
94 88
88 95
95 71
71 60
60 h
e 91
91 103
103 b
e 91
91 a
e 91
91 94
94 88
88 95
95 71
71 d
e 91
91 126
126 k
f 53
53 52
52 117
117 g
f 53
53 52
52 117
117 c
f 53
53 52
52 74
74 j
f 53
53 52
52 20
20 25
25 29
29 i
f 53
53 56
56 60
60 h
f 53
53 52
52 20
20 81
81 97
97 98
98 103
103 b
f 53
53 56
56 60
60 71
71 95
95 88
88 94
94 91
91 a
f 53
53 56
56 60
60 71
71 95
95 88
88 94
94 91
91 e
f 53
53 56
56 60
60 71
71 d
f 53
53 56
56 60
60 71
71 95
95 88
88 94
94 126
126 k
g 117
117 c
g 117
117 52
52 74
74 j
g 117
117 52
52 53
53 f
g 117
117 37
37 22
22 29
29 i
g 117
117 52
52 53
53 56
56 60
60 h
g 117
117 52
52 20
20 81
81 97
97 98
98 103
103 b
g 117
117 52
52 20
20 81
81 97
97 98
98 87
87 88
88 94
94 91
91 a
g 117
117 52
52 20
20 81
81 97
97 98
98 87
87 88
88 94
94 91
91 e
g 117
117 52
52 53
53 56
56 60
60 71
71 d
g 117
117 52
52 20
20 81
81 97
97 98
98 87
87 88
88 94
94 126
126 k
h 60
60 56
56 53
53 52
52 117
117 g
h 60
60 56
56 53
53 52
52 117
117 c
h 60
60 56
56 53
53 52
52 74
74 j
h 60
60 56
56 53
53 f
h 60
60 62
62 81
81 24
24 25
25 29
29 i
h 60
60 62
62 98
98 103
103 b
h 60
60 71
71 95
95 88
88 94
94 91
91 a
h 60
60 71
71 95
95 88
88 94
94 91
91 e
h 60
60 71
71 d
h 60
60 71
71 95
95 88
88 94
94 126
126 k
i 29
29 22
22 37
37 117
117 g
i 29
29 22
22 37
37 117
117 c
i 29
29 22
22 37
37 74
74 j
i 29
29 25
25 20
20 52
52 53
53 f
i 29
29 25
25 24
24 81
81 56
56 60
60 h
i 29
29 25
25 24
24 97
97 98
98 103
103 b
i 29
29 25
25 24
24 97
97 98
98 87
87 88
88 94
94 91
91 a
i 29
29 25
25 24
24 97
97 98
98 87
87 88
88 94
94 91
91 e
i 29
29 25
25 24
24 97
97 98
98 87
87 95
95 71
71 d
i 29
29 25
25 24
24 97
97 98
98 87
87 88
88 94
94 126
126 k
j 74
74 37
37 117
117 g
j 74
74 37
37 117
117 c
j 74
74 52
52 53
53 f
j 74
74 37
37 22
22 29
29 i
j 74
74 52
52 53
53 56
56 60
60 h
j 74
74 37
37 22
22 29
29 25
25 24
24 97
97 98
98 103
103 b
j 74
74 37
37 22
22 29
29 25
25 24
24 97
97 98
98 87
87 88
88 94
94 91
91 a
j 74
74 37
37 22
22 29
29 25
25 24
24 97
97 98
98 87
87 88
88 94
94 91
91 e
j 74
74 52
52 53
53 56
56 60
60 71
71 d
j 74
74 37
37 22
22 29
29 25
25 24
24 97
97 98
98 87
87 88
88 94
94 126
126 k
k 126
126 94
94 88
88 87
87 98
98 97
97 81
81 20
20 52
52 117
117 g
k 126
126 94
94 88
88 87
87 98
98 97
97 81
81 20
20 52
52 117
117 c
k 126
126 94
94 88
88 87
87 98
98 97
97 24
24 25
25 22
22 37
37 74
74 j
k 126
126 94
94 88
88 95
95 71
71 60
60 56
56 53
53 f
k 126
126 94
94 88
88 87
87 98
98 97
97 24
24 25
25 29
29 i
k 126
126 94
94 88
88 95
95 71
71 60
60 h
k 126
126 91
91 103
103 b
k 126
126 91
91 a
k 126
126 91
91 e
k 126
126 94
94 88
88 95
95 71
71 d
