a 28 37 e
a 28 37 52 h
a 28 37 25 24 81 57 d
a 28 37 25 24 81 80 j
a 28 37 52 56 69 30 f
a 28 37 52 56 69 60 12 10 i
a 28 37 25 24 97 88 46 41 b
a 28 37 25 24 97 88 46 44 g
a 28 37 70 c
b 41 46 88 97 24 25 23 37 e
b 41 46 88 97 81 52 h
b 41 46 88 97 24 25 23 37 28 a
b 41 46 88 60 69 56 57 d
b 41 46 88 60 80 j
b 41 46 88 60 12 30 f
b 41 46 10 i
b 41 46 44 g
b 41 46 88 97 24 25 23 70 c
c 70 37 e
c 70 52 h
c 70 37 28 a
c 70 52 81 57 d
c 70 52 81 80 j
c 70 52 56 69 30 f
c 70 52 56 69 60 12 10 i
c 70 23 25 24 97 88 46 41 b
c 70 23 25 24 97 88 46 44 g
d 57 81 52 70 37 e
d 57 81 52 h
d 57 81 52 70 37 28 a
d 57 81 80 j
d 57 56 69 30 f
d 57 56 69 60 12 10 i
d 57 56 69 60 46 41 b
d 57 56 69 60 46 44 g
d 57 81 52 70 c
e 37 52 h
e 37 28 a
e 37 25 24 81 57 d
e 37 25 24 81 80 j
e 37 52 56 69 30 f
e 37 52 56 69 60 12 10 i
e 37 25 24 97 88 46 41 b
e 37 25 24 97 88 46 44 g
e 37 70 c
f 30 69 56 52 70 37 e
f 30 69 56 52 h
f 30 69 56 52 70 37 28 a
f 30 69 56 57 d
f 30 12 60 80 j
f 30 12 10 i
f 30 12 60 46 41 b
f 30 12 60 46 44 g
f 30 69 56 52 70 c
g 44 46 88 97 24 25 23 37 e
g 44 46 88 97 81 52 h
g 44 46 88 97 24 25 23 37 28 a
g 44 46 88 60 69 56 57 d
g 44 46 88 60 80 j
g 44 46 88 60 12 30 f
g 44 46 10 i
g 44 46 41 b
g 44 46 88 97 24 25 23 70 c
h 52 70 37 e
h 52 70 37 28 a
h 52 81 57 d
h 52 81 80 j
h 52 56 69 30 f
h 52 56 69 60 12 10 i
h 52 81 97 88 46 41 b
h 52 81 97 88 46 44 g
h 52 70 c
i 10 12 60 69 56 52 70 37 e
i 10 12 60 69 56 52 h
i 10 12 60 69 56 52 70 37 28 a
i 10 12 60 69 56 57 d
i 10 12 60 80 j
i 10 12 30 f
i 10 46 41 b
i 10 46 44 g
i 10 12 60 69 56 52 70 c
j 80 81 52 70 37 e
j 80 81 52 h
j 80 81 52 70 37 28 a
j 80 81 57 d
j 80 60 12 30 f
j 80 60 12 10 i
j 80 60 46 41 b
j 80 60 46 44 g
j 80 81 52 70 c
