a 22
22 105
105 118
118 88
88 47
47 b
a 22
22 105
105 118
118 95
95 71
71 c
a 22
22 105
105 118
118 95
95 d
a 22
22 119
119 e
a 22
22 105
105 118
118 88
88 47
47 143
143 f
b 47
47 88
88 118
118 105
105 22
22 a
b 47
47 143
143 71
71 c
b 47
47 88
88 95
95 d
b 47
47 88
88 118
118 105
105 119
119 e
b 47
47 143
143 f
c 71
71 95
95 118
118 105
105 22
22 a
c 71
71 143
143 47
47 b
c 71
71 95
95 d
c 71
71 95
95 118
118 105
105 119
119 e
c 71
71 143
143 f
d 95
95 118
118 105
105 22
22 a
d 95
95 88
88 47
47 b
d 95
95 71
71 c
d 95
95 118
118 105
105 119
119 e
d 95
95 88
88 47
47 143
143 f
e 119
119 22
22 a
e 119
119 105
105 118
118 88
88 47
47 b
e 119
119 105
105 118
118 95
95 71
71 c
e 119
119 105
105 118
118 95
95 d
e 119
119 105
105 118
118 88
88 47
47 143
143 f
f 143
143 47
47 88
88 118
118 105
105 22
22 a
f 143
143 47
47 b
f 143
143 71
71 c
f 143
143 47
47 88
88 95
95 d
f 143
143 47
47 88
88 118
118 105
105 119
119 e
