a 12 34 60 69 56 58 53 52 117 h
a 12 34 60 69 56 58 53 52 37 39 d
a 12 34 60 69 56 58 133 f
a 12 34 60 69 56 58 53 g
a 12 34 60 62 81 27 k
a 12 68 l
a 12 34 60 62 65 c
a 12 34 e
a 12 34 60 71 i
a 12 34 60 71 95 127 b
a 12 34 60 71 46 j
b 127 95 71 60 69 56 58 53 52 117 h
b 127 95 87 98 97 24 37 39 d
b 127 95 71 60 69 56 58 133 f
b 127 95 71 60 69 56 58 53 g
b 127 95 87 98 97 24 27 k
b 127 95 71 60 69 68 l
b 127 95 87 98 65 c
b 127 95 71 60 34 e
b 127 95 71 i
b 127 95 71 60 34 12 a
b 127 128 46 j
c 65 62 81 52 117 h
c 65 98 97 24 37 39 d
c 65 62 81 52 133 f
c 65 62 81 52 53 g
c 65 98 97 24 27 k
c 65 62 60 69 68 l
c 65 62 60 34 e
c 65 62 60 71 i
c 65 62 60 34 12 a
c 65 98 87 88 126 127 b
c 65 98 87 88 126 128 46 j
d 39 117 h
d 39 37 52 133 f
d 39 37 52 53 g
d 39 37 24 27 k
d 39 37 52 53 58 56 69 68 l
d 39 37 24 97 98 65 c
d 39 37 52 53 58 56 69 60 34 e
d 39 37 24 97 98 87 95 71 i
d 39 37 52 53 58 56 69 60 34 12 a
d 39 37 24 97 98 87 88 126 127 b
d 39 37 24 97 98 87 88 126 128 46 j
e 34 60 69 56 58 53 52 117 h
e 34 60 69 56 58 53 52 37 39 d
e 34 60 69 56 58 133 f
e 34 60 69 56 58 53 g
e 34 60 62 81 27 k
e 34 60 69 68 l
e 34 60 62 65 c
e 34 60 71 i
e 34 12 a
e 34 60 71 95 127 b
e 34 60 71 46 j
f 133 52 117 h
f 133 52 37 39 d
f 133 52 53 g
f 133 52 81 27 k
f 133 52 53 58 56 69 68 l
f 133 52 81 62 65 c
f 133 52 53 58 56 69 60 34 e
f 133 52 53 58 56 69 60 71 i
f 133 52 53 58 56 69 60 34 12 a
f 133 52 53 58 56 69 60 71 95 127 b
f 133 52 81 97 98 87 88 126 128 46 j
g 53 52 117 h
g 53 52 37 39 d
g 53 52 133 f
g 53 52 81 27 k
g 53 58 56 69 68 l
g 53 52 81 62 65 c
g 53 58 56 69 60 34 e
g 53 58 56 69 60 71 i
g 53 58 56 69 60 34 12 a
g 53 58 56 69 60 71 95 127 b
g 53 58 56 69 60 71 46 j
h 117 39 d
h 117 52 133 f
h 117 52 53 g
h 117 52 81 27 k
h 117 52 53 58 56 69 68 l
h 117 52 81 62 65 c
h 117 52 53 58 56 69 60 34 e
h 117 52 53 58 56 69 60 71 i
h 117 52 53 58 56 69 60 34 12 a
h 117 52 53 58 56 69 60 71 95 127 b
h 117 52 81 97 98 87 88 126 128 46 j
i 71 60 69 56 58 53 52 117 h
i 71 60 69 56 58 53 52 37 39 d
i 71 60 69 56 58 133 f
i 71 60 69 56 58 53 g
i 71 60 62 81 27 k
i 71 60 69 68 l
i 71 60 62 65 c
i 71 60 34 e
i 71 60 34 12 a
i 71 95 127 b
i 71 46 j
j 46 128 126 88 87 98 97 81 52 117 h
j 46 128 126 88 87 98 97 24 37 39 d
j 46 128 126 88 87 98 97 81 52 133 f
j 46 128 126 88 95 71 60 69 56 58 53 g
j 46 128 126 88 87 98 97 24 27 k
j 46 128 126 88 95 71 60 69 68 l
j 46 128 126 88 87 98 65 c
j 46 128 126 88 95 71 60 34 e
j 46 128 126 88 95 71 i
j 46 128 126 88 95 71 60 34 12 a
j 46 128 127 b
k 27 81 52 117 h
k 27 24 37 39 d
k 27 81 52 133 f
k 27 81 52 53 g
k 27 81 56 69 68 l
k 27 24 97 98 65 c
k 27 81 56 69 60 34 e
k 27 81 56 69 60 71 i
k 27 81 56 69 60 34 12 a
k 27 24 97 98 87 88 126 127 b
k 27 24 97 98 87 88 126 128 46 j
l 68 69 56 58 53 52 117 h
l 68 69 56 58 53 52 37 39 d
l 68 69 56 58 133 f
l 68 69 56 58 53 g
l 68 69 56 81 27 k
l 68 69 60 62 65 c
l 68 69 60 34 e
l 68 69 60 71 i
l 68 12 a
l 68 69 60 71 95 127 b
l 68 69 60 71 46 j
