c 1
1 f
1 97
2 52
1 11
2 71
1 2
52 135
135 g
52 75
75 b
97 h
11 a
71 95
95 120
120 e
71 46
46 d
1 c
1 f
97 1
1 11
2 71
1 2
h 97
97 75
75 52
52 135
135 g
75 b
11 a
71 95
95 120
120 e
71 46
46 d
2 c
2 f
52 2
1 11
2 71
2 1
g 135
135 52
52 75
75 b
75 97
97 h
11 a
71 95
95 120
120 e
71 46
46 d
2 c
f 2
1 97
2 52
1 11
2 71
2 1
52 135
135 g
52 75
75 b
97 h
11 a
71 95
95 120
120 e
71 46
46 d
2 c
2 f
1 97
2 52
71 1
71 2
e 120
120 95
95 71
71 34
34 11
11 a
120 46
46 d
52 135
135 g
52 75
75 b
97 h
1 c
1 f
1 97
2 52
11 1
1 2
a 11
11 34
34 71
71 95
95 120
120 e
71 46
46 d
52 135
135 g
52 75
75 b
97 h
2 c
2 f
52 2
1 11
2 71
2 1
b 75
75 52
52 135
135 g
75 97
97 h
11 a
71 95
95 120
120 e
71 46
46 d
2 c
2 f
1 97
2 52
71 1
71 2
d 46
46 95
95 71
71 34
34 11
11 a
46 120
120 e
52 135
135 g
52 75
75 b
97 h
