a 11 34 60 58 52 74 c
a 11 34 60 58 136 135 g
a 11 34 60 98 97 75 b
a 11 34 60 98 97 h
a 11 34 f
a 11 34 60 71 95 120 e
a 11 34 60 71 46 d
b 75 52 74 c
b 75 52 136 135 g
b 75 97 h
b 75 97 98 60 34 f
b 75 97 98 60 34 11 a
b 75 97 98 87 95 120 e
b 75 97 98 87 88 128 46 d
c 74 52 136 135 g
c 74 52 75 b
c 74 97 h
c 74 52 58 60 34 f
c 74 52 58 60 34 11 a
c 74 97 98 87 95 120 e
c 74 97 98 87 88 128 46 d
d 46 128 88 87 98 97 74 c
d 46 128 88 95 71 60 58 136 135 g
d 46 128 88 87 98 97 75 b
d 46 128 88 87 98 97 h
d 46 128 88 95 71 60 34 f
d 46 128 88 95 71 60 34 11 a
d 46 128 120 e
e 120 95 71 60 58 52 74 c
e 120 95 71 60 58 136 135 g
e 120 95 87 98 97 75 b
e 120 95 87 98 97 h
e 120 95 71 60 34 f
e 120 95 71 60 34 11 a
e 120 46 d
f 34 60 58 52 74 c
f 34 60 58 136 135 g
f 34 60 98 97 75 b
f 34 60 98 97 h
f 34 11 a
f 34 60 71 95 120 e
f 34 60 71 46 d
g 135 136 52 74 c
g 135 136 52 75 b
g 135 136 52 75 97 h
g 135 136 58 60 34 f
g 135 136 58 60 34 11 a
g 135 136 58 60 71 95 120 e
g 135 136 58 60 71 46 d
h 97 74 c
h 97 75 52 136 135 g
h 97 75 b
h 97 98 60 34 f
h 97 98 60 34 11 a
h 97 98 87 95 120 e
h 97 98 87 88 128 46 d
